200 0.066355
200 0.073068
200 0.075600
200 0.074207
200 0.082567
200 0.079882
200 0.084031
200 0.083920
200 0.081982
200 0.085897
200 0.089023
200 0.091953
200 0.093066
200 0.094945
200 0.094477
200 0.096685
200 0.098254
200 0.100561
200 0.102761
200 0.105716
200 0.074717
200 0.080897
200 0.090506
200 0.084959
200 0.075329
200 0.083610
200 0.080206
200 0.091687
200 0.085990
200 0.073068
200 0.079986
200 0.076330
200 0.081364
200 0.076409
200 0.087642
200 0.079221
200 0.093450
200 0.095268
200 0.079473
200 0.085314
200 0.077393
200 0.079493
200 0.079835
200 0.078192
200 0.079572
200 0.077753
200 0.077491
200 0.072573
200 0.087635
200 0.081472
200 0.093297
200 0.077774
200 0.091184
200 0.077187
200 0.078755
200 0.096542
200 0.076245
200 0.090153
200 0.091484
200 0.100433
200 0.067952
200 0.074911
200 0.069944
200 0.070604
200 0.069056
200 0.074127
200 0.071496
200 0.070744
200 0.075044
200 0.071922
200 0.073452
200 0.085395
200 0.072593
200 0.078006
200 0.075999
200 0.073698
200 0.083381
200 0.080525
200 0.076830
200 0.079162
200 0.080684
200 0.076607
200 0.089232
200 0.081075
200 0.092528
200 0.084094
200 0.073148
200 0.075919
200 0.075573
200 0.069613
200 0.073037
200 0.084327
200 0.084712
200 0.078803
200 0.072224
200 0.079378
200 0.080866
200 0.074718
200 0.083033
200 0.083727
