307 0.100746
307 0.101996
307 0.102891
307 0.104162
307 0.104351
307 0.106020
307 0.107390
307 0.110133
307 0.115495
307 0.119145
307 0.073393
307 0.078628
307 0.084152
307 0.084743
307 0.081339
307 0.074479
307 0.083438
307 0.133452
307 0.138407
307 0.129985
307 0.076213
307 0.076742
307 0.077364
307 0.078122
307 0.075641
307 0.077061
307 0.080364
307 0.075847
307 0.106560
307 0.075671
307 0.106173
307 0.090567
307 0.080275
307 0.087449
307 0.087054
307 0.078869
307 0.084677
307 0.080893
307 0.071766
307 0.079080
307 0.082697
307 0.085320
307 0.081874
307 0.088437
307 0.084441
307 0.082080
307 0.077583
307 0.082473
307 0.076447
307 0.072364
307 0.079260
307 0.084495
307 0.084971
307 0.078622
307 0.076006
307 0.075197
307 0.083732
307 0.081636
307 0.073509
307 0.078229
307 0.080908
307 0.081258
307 0.073190
307 0.078961
307 0.076189
307 0.083558
307 0.082312
307 0.078136
307 0.072080
307 0.074634
307 0.079729
307 0.079052
307 0.074610
307 0.077076
307 0.067986
307 0.083595
307 0.077461
307 0.079317
307 0.072218
307 0.067879
307 0.090372
307 0.066563
307 0.078681
307 0.079341
307 0.072138
307 0.078816
307 0.073601
307 0.080213
307 0.077499
307 0.075128
307 0.075512
307 0.067569
307 0.069684
307 0.076092
307 0.070011
307 0.079253
307 0.081380
307 0.084620
307 0.082474
307 0.083295
