200 0.193643
200 0.280959
200 0.301012
200 0.305060
200 0.299882
200 0.314568
200 0.312640
200 0.315901
200 0.323287
200 0.322262
200 0.327920
200 0.339953
200 0.378361
200 0.392637
200 0.398007
200 0.138208
200 0.155583
200 0.137728
200 0.511265
200 0.567534
200 0.569150
200 0.570120
200 0.568546
200 0.570939
200 0.588442
200 0.587133
200 0.127309
200 0.652989
200 0.680348
200 0.191096
200 0.192341
200 0.768251
200 0.198706
200 0.211262
200 0.205875
200 0.209431
200 0.383444
200 0.858101
200 0.155179
200 0.133404
200 0.446807
200 0.958328
200 0.121895
200 0.422262
200 0.390544
200 0.989929
200 0.739597
200 0.720024
200 0.411645
200 1.065615
200 0.400566
200 0.170633
200 0.156304
200 0.791695
200 0.133015
200 0.331638
200 0.369202
200 0.380120
200 0.134403
200 0.396124
200 0.320406
200 0.170621
200 0.134081
200 0.113618
200 0.349529
200 0.342105
200 0.964759
200 0.186734
200 0.126023
200 0.174961
200 0.195231
200 0.453427
200 0.128388
200 0.141542
200 0.457028
200 1.161819
200 1.254976
200 0.425435
200 1.207484
200 0.127547
200 1.171369
200 0.484489
200 0.508143
200 0.469403
200 1.289155
200 0.119730
200 0.160811
200 0.155575
200 0.515135
200 0.515885
200 0.520099
200 0.483311
200 1.344205
200 0.114420
200 0.153387
200 0.460430
200 0.443359
200 0.440534
200 0.455550
200 0.198600
200 0.171917
200 0.162541
200 0.338893
200 0.349507
200 0.348674
200 1.400291
200 1.403838
200 0.126623
200 0.145335
200 0.165811
200 0.295923
200 0.313218
200 0.352078
200 0.289651
200 0.310075
200 0.301876
200 0.216050
200 0.178589
200 0.224641
200 0.198329
200 0.973814
200 1.504770
200 0.623763
200 0.172010
200 1.223629
200 0.323599
200 0.754857
200 0.368383
200 0.327860
200 0.284296
200 0.312476
200 0.283100
200 0.223034
200 0.222821
200 0.288901
200 0.300212
200 0.326762
200 0.308629
200 0.363380
200 0.308587
200 0.295455
200 0.276269
200 0.263882
200 0.268189
200 0.242806
200 0.220029
200 0.179880
200 0.424535
200 0.430606
200 0.377048
200 0.182607
200 0.180568
200 0.389390
200 0.442471
200 0.314844
200 0.412086
200 0.403775
200 0.336173
200 0.373884
200 0.337120
200 0.301650
200 0.299041
200 0.283197
200 0.254258
200 0.289244
200 0.531481
200 0.567712
200 0.560714
200 0.568749
200 0.542192
200 0.563233
200 0.280075
200 0.525973
200 0.496394
200 0.439349
200 0.492523
200 0.393855
200 0.376900
200 0.412257
200 0.407692
200 0.393143
200 0.395362
200 0.126982
200 0.327786
200 0.377410
200 0.257810
200 0.149568
200 0.130136
200 0.180895
200 0.240830
200 0.200521
200 0.200436
200 0.209106
200 0.179814
200 0.257995
200 0.259889
200 0.196039
200 0.394234
200 0.165069
200 0.396011
200 0.375578
200 0.251814
200 0.229112
200 0.215876
200 0.147548
200 0.120373
200 0.416162
200 0.427973
200 0.441382
200 0.439790
200 0.129655
200 0.471536
200 0.472638
200 0.449694
200 0.420580
200 0.462741
200 0.420069
200 0.125074
200 0.133136
200 0.401000
200 0.375800
200 0.362666
200 0.184089
200 0.155932
200 0.417627
200 0.426761
200 0.306828
200 0.284947
200 0.139814
200 0.124032
200 0.177554
200 0.152370
200 0.155969
200 0.257555
200 0.349586
200 0.170390
200 0.226721
200 0.227365
200 0.200908
200 0.182206
200 0.343453
200 0.373276
200 0.348477
200 0.122453
200 0.218460
200 0.129024
200 0.403958
200 0.370416
200 0.188629
200 0.123357
200 0.403971
200 0.373952
200 0.406208
200 0.377418
200 0.160924
200 0.175651
200 0.182723
200 0.199487
200 0.125903
200 0.394324
200 0.417179
200 0.450562
200 0.408117
200 0.435736
200 0.417101
200 0.417772
200 0.388747
200 0.392212
200 0.417708
200 0.169843
200 0.145297
200 0.146860
200 0.134927
200 0.417530
200 0.411204
200 0.132623
200 0.115696
200 0.120204
200 0.412219
200 0.129529
200 0.413969
200 0.203787
200 0.516657
200 0.465178
200 0.471929
200 0.473787
200 0.491226
200 0.406039
200 0.415910
200 0.410238
200 0.435780
200 0.396723
200 0.423888
200 0.398544
200 0.385998
200 0.420857
200 0.359619
200 0.428205
200 0.359803
200 0.363674
