200 0.184113
200 0.202189
200 0.200128
200 0.210470
200 0.212788
200 0.229607
200 0.231963
200 0.246607
200 0.255239
200 0.259580
200 0.171964
200 0.180873
200 0.179488
200 0.179486
200 0.148578
200 0.196271
200 0.187919
200 0.194377
200 0.170181
200 0.178961
200 0.135760
200 0.168227
200 0.170589
200 0.164274
200 0.154505
200 0.143346
200 0.200447
200 0.204911
200 0.178237
200 0.194680
200 0.139743
200 0.137599
200 0.136161
200 0.126014
200 0.123587
200 0.154873
200 0.154770
200 0.129756
200 0.138054
200 0.149489
200 0.137051
200 0.132293
200 0.139167
200 0.128414
200 0.148680
200 0.127614
200 0.128487
200 0.144212
200 0.185701
200 0.134795
200 0.130261
200 0.126145
200 0.131560
200 0.131513
200 0.132290
200 0.149341
200 0.139289
200 0.143126
200 0.128219
200 0.141635
200 0.125883
200 0.136088
200 0.123597
200 0.133610
200 0.130383
200 0.135076
200 0.140923
200 0.146540
200 0.150626
200 0.166034
200 0.185331
200 0.123782
200 0.135347
200 0.179442
200 0.119118
200 0.318097
200 0.492701
200 0.468652
200 0.447934
200 0.399789
200 0.394937
200 0.417238
200 0.375555
200 0.358765
200 0.180645
200 0.450774
200 0.135985
200 0.161765
200 0.142296
200 0.178948
200 0.171468
200 0.174560
200 0.127879
200 0.136544
200 0.162222
200 0.166029
200 0.146452
200 0.153549
200 0.140603
200 0.139947
