200 0.200616
200 0.351046
200 0.350862
200 0.363179
200 0.350217
200 0.346895
200 0.355564
200 0.347881
200 0.348032
200 0.346670
200 0.361544
200 0.370208
200 0.372672
200 0.360129
200 0.366664
200 0.372318
200 0.374854
200 0.359866
200 0.380940
200 0.449713
200 0.446061
200 0.466348
200 0.517913
200 0.519882
200 0.521785
200 0.539679
200 0.597148
200 0.294790
200 0.279625
200 0.297934
200 0.623722
200 0.643360
200 0.285189
200 0.292761
200 0.287358
200 0.661515
200 0.704843
200 0.230019
200 0.720046
200 0.726712
200 0.587439
200 0.140271
200 0.424344
200 0.124756
200 0.372174
200 0.509971
200 0.513436
200 0.111618
200 0.942533
200 0.955615
200 0.976913
200 0.984136
200 0.987045
200 0.139558
200 1.022033
200 1.027190
200 1.016958
200 1.018368
200 1.038664
200 1.025364
200 1.034775
200 1.030691
200 0.148894
200 0.199644
200 0.131061
200 1.069697
200 1.065003
200 1.072735
200 0.341479
200 1.069029
200 1.071378
200 1.072658
200 1.084322
200 1.088122
200 0.128816
200 1.109610
200 1.111337
200 1.110683
200 1.115088
200 0.847144
200 0.806924
200 0.717716
200 1.182959
200 0.158449
200 0.165773
200 0.226329
200 0.875243
200 0.384087
200 1.216555
200 0.664391
200 0.600468
200 0.517413
200 0.502821
200 0.461519
200 1.064685
200 0.398924
200 0.388835
200 0.411897
200 0.384467
200 0.428478
200 0.470839
200 0.415308
200 0.475887
200 0.417623
200 1.159103
200 0.409170
200 0.409562
200 0.463419
200 0.453547
200 0.449056
200 0.452791
200 1.285767
200 0.529804
200 0.493301
200 0.398612
200 0.667389
200 1.258050
200 0.588739
200 1.233634
200 0.337582
200 0.576755
200 1.254726
200 0.316699
200 0.310962
200 0.594508
200 0.595939
200 0.502484
200 0.791906
200 0.861798
200 0.394676
200 0.864681
200 0.923675
200 0.439249
200 0.470575
200 0.970057
200 0.920588
200 1.627471
200 0.878081
200 1.627490
200 0.591004
200 0.590071
200 1.442065
200 1.507733
200 0.589367
200 0.416426
200 0.386631
200 0.630979
200 1.509995
200 0.970130
200 0.968443
200 0.709604
200 1.033253
200 0.973398
200 0.949304
200 1.712801
200 0.371779
200 0.407908
200 0.416168
200 0.373352
200 0.372342
200 1.537828
200 0.354338
200 0.917999
200 0.730290
200 0.739408
200 0.733977
200 0.797097
200 0.704596
200 1.614115
200 1.614936
200 1.580146
200 0.295394
200 0.347138
200 0.302635
200 0.302488
200 0.324776
200 0.782502
200 0.595915
200 0.575697
200 0.566416
200 0.537247
200 0.824601
200 0.487715
200 0.345946
200 0.846279
200 1.653193
200 1.787261
200 0.509182
200 0.607178
200 1.739438
200 0.531324
200 0.515027
200 0.478677
200 2.149590
200 0.965124
200 0.510038
200 1.856187
200 0.488668
200 0.518890
200 0.551781
200 0.567906
200 0.583447
200 0.570106
200 0.579710
200 0.538786
200 0.537567
200 0.965123
200 0.628242
200 0.628804
200 0.631033
200 0.651937
200 1.005092
200 0.664381
200 0.558711
200 0.603942
200 0.671641
200 0.600225
200 0.601108
200 1.087902
200 0.524601
200 0.524480
200 0.589505
200 0.587313
200 0.631460
200 0.593737
200 0.605055
200 0.529719
200 0.641468
200 0.603154
200 0.599751
200 0.537816
200 0.601034
200 0.544810
200 1.068743
200 0.476452
200 0.543433
200 0.478614
200 0.501418
200 0.506643
200 0.516291
200 0.488171
200 0.552182
200 0.555739
200 0.523934
200 0.383300
200 0.389371
200 1.003528
200 0.293836
200 0.286812
200 0.410808
200 0.401155
200 0.405484
200 0.409412
200 0.409953
200 0.415904
200 0.773326
200 0.366124
200 0.374317
200 0.367819
200 0.295616
200 0.358454
200 0.479824
200 0.481359
200 0.494336
200 0.495331
200 0.499795
200 0.502998
200 0.497114
200 0.505218
200 0.487835
200 0.486137
200 0.533853
200 0.541148
200 0.522563
200 0.523383
200 0.487046
200 0.537456
200 0.520811
200 0.493518
200 0.526615
200 0.494378
200 0.491172
200 0.529890
200 0.546673
200 0.532548
200 0.536819
200 0.512793
200 0.550602
200 0.552089
200 0.521982
200 0.517004
200 0.526575
200 0.520479
200 0.468070
200 0.527161
200 0.476257
200 0.466772
200 0.550059
200 0.559987
200 0.597096
200 0.553035
200 0.500682
200 0.483909
200 0.539629
200 0.481748
200 0.411220
200 0.561948
200 0.510982
200 0.405831
200 0.484582
200 0.488964
200 0.514410
200 0.541426
200 0.568823
200 0.533750
200 0.492790
200 0.491909
200 0.141683
200 0.577366
200 0.504868
200 0.507169
200 0.290445
200 0.296090
200 0.338170
200 0.297996
200 0.338126
200 0.293830
200 0.566605
200 0.444326
200 0.379811
200 0.377060
200 0.423098
200 0.482033
200 0.423221
200 0.425463
200 0.409549
200 0.429322
200 0.409111
200 0.420398
200 0.422311
200 0.443972
200 0.448546
200 0.504063
200 0.494716
200 0.496170
200 0.460943
200 0.474822
200 0.479555
200 0.476462
200 0.471620
200 0.444998
200 0.701644
200 0.614557
200 0.617778
200 0.576858
200 0.619284
200 0.581705
200 0.407650
200 0.410199
200 0.329142
200 0.289087
200 0.270921
200 0.208046
200 0.224523
200 0.291484
200 0.141511
200 0.633195
200 0.637791
200 0.635063
200 0.636550
200 0.588366
200 0.591811
200 0.582086
200 0.572699
200 0.590463
200 0.627327
200 0.615457
200 0.594451
200 0.595285
200 0.636264
200 0.600996
200 0.614168
200 0.596032
200 0.599048
200 0.600877
200 0.615027
200 0.618030
200 0.233803
200 0.475724
200 0.263999
200 0.266687
200 0.268083
200 0.520258
200 0.480879
200 0.693562
200 0.258315
200 0.225011
200 0.230261
200 0.234504
200 0.229951
200 0.236209
200 0.239426
200 0.243733
200 0.223076
200 0.227439
200 0.246092
200 0.219609
200 0.225606
200 0.223019
200 0.253955
200 0.254592
200 0.267613
200 0.259760
200 0.261263
200 0.453420
200 0.454005
200 0.664656
200 0.290849
200 0.279707
200 0.333339
200 0.334817
200 0.306833
200 0.565539
200 0.475825
200 0.477080
200 0.567750
200 0.507025
200 0.472927
200 0.479604
200 0.476685
200 0.270715
200 0.478990
200 0.267546
200 0.480148
200 0.471047
200 0.254689
200 0.243624
200 0.264359
200 0.297528
200 0.300777
200 0.279679
200 0.278013
200 0.223904
200 0.530245
200 0.533987
200 0.472383
200 0.530589
200 0.523733
200 0.524713
200 0.482366
200 0.492640
200 0.324034
200 0.340722
200 0.263183
200 0.238935
200 0.236664
200 0.249769
200 0.243920
200 0.218903
200 0.514463
200 0.574478
200 0.575020
200 0.524664
200 0.522304
200 0.523750
200 0.558999
200 0.496540
200 0.484949
200 0.526973
200 0.467973
200 0.532077
200 0.322211
200 0.327817
200 0.331137
200 0.334615
200 0.558021
200 0.648531
200 0.359025
200 0.375024
200 0.397401
200 0.376020
200 0.403695
200 0.530578
200 0.525908
200 0.507638
200 0.489528
200 0.434759
200 0.373811
200 0.445504
200 0.537495
200 0.520469
200 0.682934
200 0.522822
200 0.498386
200 0.461097
200 0.502138
200 0.609137
200 0.499085
200 0.510818
200 0.476303
200 0.447865
200 0.448783
200 0.513805
200 0.573111
200 0.444582
200 0.515964
200 0.429780
200 0.549333
200 0.420152
200 0.567128
200 0.518219
200 0.424342
200 0.519626
200 0.432953
200 0.515197
200 0.451594
200 0.421820
200 0.508178
200 0.465844
200 0.552581
200 0.533291
200 0.545685
200 0.545161
200 0.532646
200 0.444379
200 0.447508
200 0.448258
200 0.376329
200 0.376710
200 0.416529
200 0.531107
200 0.725071
200 0.537253
200 0.532857
200 0.372502
200 0.402695
200 0.366059
200 0.405356
200 0.496579
200 0.437710
200 0.537334
200 0.466784
200 0.499364
200 0.430483
200 0.431545
200 0.449384
200 0.380356
200 0.398715
200 0.398725
200 0.397048
200 0.393968
200 0.352185
200 0.350977
200 0.350581
200 0.354519
200 0.512878
200 0.526056
200 0.557191
200 0.515759
200 0.559767
200 0.515586
200 0.517210
200 0.463872
200 0.388660
200 0.388695
200 0.391274
200 0.398646
200 0.289829
200 0.290147
200 0.302201
200 0.299971
200 0.298091
200 0.263956
200 0.199574
200 0.223214
200 0.203504
200 0.517905
200 0.504535
200 0.435655
200 0.504692
200 0.504824
200 0.439881
200 0.227531
200 0.546992
200 0.515227
200 0.516718
200 0.552058
200 0.560783
200 0.454154
200 0.464341
200 0.569676
200 0.468263
200 0.373854
200 0.375079
200 0.460711
200 0.468903
200 0.379251
200 0.359807
200 0.311512
200 0.312788
