307 0.091977
307 0.087389
307 0.100597
307 0.090215
307 0.088577
307 0.089897
307 0.090484
307 0.089921
307 0.086196
307 0.079169
307 0.080046
307 0.086886
307 0.088482
307 0.087659
307 0.082511
307 0.091002
307 0.092297
307 0.090622
307 0.085515
307 0.086080
307 0.087456
307 0.087747
307 0.091380
307 0.094928
307 0.092807
307 0.091608
307 0.093294
307 0.095046
307 0.090433
307 0.085429
307 0.097020
307 0.084882
307 0.088377
307 0.082659
307 0.099396
307 0.090154
307 0.090817
307 0.092584
307 0.092438
307 0.103253
307 0.096172
307 0.099989
307 0.089489
307 0.097945
307 0.096104
307 0.097520
307 0.100045
307 0.100873
307 0.099079
307 0.097690
307 0.102236
307 0.103471
307 0.104414
307 0.107572
307 0.106781
307 0.106140
307 0.105120
307 0.104024
307 0.105470
307 0.104602
307 0.073932
307 0.073964
307 0.074909
307 0.075303
307 0.076222
307 0.069910
307 0.081800
307 0.072604
307 0.084513
307 0.079618
307 0.083262
307 0.082556
307 0.088022
307 0.082553
307 0.087379
307 0.093127
307 0.086102
307 0.079897
307 0.089533
307 0.092196
307 0.091600
307 0.088548
307 0.104297
307 0.076434
307 0.086199
307 0.084231
307 0.085196
307 0.079981
307 0.082813
307 0.088079
307 0.092104
307 0.094843
307 0.085323
307 0.090819
307 0.077170
307 0.079330
307 0.079238
307 0.082360
307 0.092009
307 0.079855
307 0.081119
307 0.082555
307 0.090309
307 0.083242
307 0.086435
307 0.084903
307 0.086147
307 0.086844
307 0.091655
307 0.089165
307 0.089023
307 0.091052
307 0.091242
307 0.093757
307 0.095183
307 0.097622
307 0.093693
307 0.095953
307 0.095968
307 0.091020
307 0.099419
307 0.081337
307 0.083192
307 0.085333
307 0.084111
307 0.087911
307 0.088066
307 0.088327
307 0.091407
307 0.088158
307 0.081051
307 0.082213
307 0.083167
307 0.082988
307 0.073393
307 0.078009
307 0.077371
307 0.079742
307 0.094247
307 0.075904
307 0.103773
307 0.113257
307 0.088764
307 0.079437
307 0.088324
307 0.070759
307 0.084623
307 0.074215
307 0.087522
307 0.074863
307 0.079090
307 0.075881
307 0.093329
307 0.082936
307 0.085463
307 0.089910
307 0.091139
307 0.086565
307 0.092670
307 0.093559
307 0.096179
307 0.078442
307 0.101360
307 0.100739
307 0.082280
307 0.082695
307 0.081804
307 0.083173
307 0.085234
307 0.089123
307 0.086522
307 0.081627
307 0.089766
307 0.087254
307 0.089954
307 0.085415
307 0.091727
307 0.094071
307 0.086389
307 0.092939
307 0.098740
307 0.075750
307 0.081050
307 0.082547
307 0.082019
307 0.083896
307 0.083657
307 0.078035
307 0.078233
307 0.077183
307 0.078791
307 0.080761
307 0.080916
307 0.082924
307 0.083283
307 0.084566
307 0.085104
307 0.086356
307 0.074941
307 0.074930
307 0.077953
307 0.078054
307 0.078049
307 0.094458
307 0.080481
307 0.070537
307 0.070815
307 0.074359
307 0.076619
307 0.074841
307 0.071710
307 0.073040
307 0.077200
307 0.074079
307 0.074826
307 0.075123
307 0.084333
307 0.077222
307 0.078282
307 0.077439
307 0.090004
307 0.087219
307 0.082994
307 0.090571
307 0.078253
307 0.081533
307 0.083816
307 0.080194
307 0.085700
307 0.087159
307 0.089031
307 0.093691
307 0.095194
307 0.088924
307 0.091920
307 0.092862
307 0.089817
307 0.077962
307 0.093024
307 0.077399
307 0.079441
307 0.081160
307 0.080578
307 0.082424
307 0.077847
307 0.087822
307 0.087893
307 0.089953
307 0.092687
307 0.078033
307 0.083759
307 0.085991
307 0.090450
307 0.080737
307 0.082057
307 0.083492
307 0.078872
307 0.080367
307 0.080529
307 0.081691
307 0.081576
307 0.080586
307 0.082652
307 0.082789
307 0.085722
307 0.083473
307 0.083044
307 0.085920
307 0.103397
307 0.080140
307 0.080827
307 0.081927
307 0.086986
307 0.084483
307 0.084604
307 0.086127
307 0.086076
307 0.088411
307 0.092868
307 0.093122
307 0.080045
307 0.081258
307 0.076980
307 0.080047
307 0.086075
307 0.083699
307 0.077179
307 0.099914
307 0.103775
307 0.091080
307 0.084975
307 0.087071
307 0.086997
307 0.094165
307 0.086778
307 0.088221
307 0.087888
307 0.069507
307 0.073591
307 0.070304
307 0.068815
307 0.068782
307 0.070333
307 0.090441
307 0.073036
307 0.093364
307 0.070067
307 0.091555
307 0.082394
307 0.081669
307 0.085267
307 0.066027
307 0.069080
307 0.069120
307 0.070436
307 0.073863
307 0.068577
307 0.069176
307 0.071528
307 0.073317
307 0.075051
307 0.097894
307 0.078222
307 0.099036
307 0.102954
307 0.097941
307 0.066481
307 0.073564
307 0.069730
307 0.074556
307 0.070581
307 0.078058
307 0.072283
307 0.080874
307 0.073056
307 0.082639
307 0.077084
307 0.075855
307 0.083141
307 0.084554
307 0.084685
307 0.086731
307 0.078635
307 0.080048
307 0.080436
307 0.082020
307 0.081306
307 0.082352
307 0.083609
307 0.080859
307 0.079023
307 0.080410
307 0.081644
307 0.082658
307 0.088953
307 0.081222
307 0.085596
307 0.083528
307 0.088532
307 0.095037
307 0.086097
307 0.077726
307 0.086497
307 0.086351
307 0.086782
307 0.087246
307 0.088009
307 0.088291
307 0.087137
307 0.075901
307 0.090721
307 0.094619
307 0.078150
307 0.078908
307 0.085099
307 0.087935
307 0.083864
307 0.086013
307 0.076282
307 0.076912
307 0.076308
307 0.079310
307 0.079389
307 0.090403
307 0.090536
307 0.082471
307 0.083073
307 0.086980
307 0.090388
307 0.080880
307 0.076475
307 0.080961
307 0.084003
307 0.085351
307 0.083131
307 0.078474
307 0.076251
307 0.123738
307 0.122051
307 0.090738
307 0.107165
307 0.110145
307 0.109769
307 0.086685
307 0.076062
307 0.114322
307 0.078458
307 0.098636
307 0.076860
307 0.078738
307 0.104056
307 0.080892
307 0.100781
307 0.131341
307 0.095613
307 0.073661
307 0.082898
307 0.092120
307 0.081541
307 0.073722
307 0.080346
307 0.073470
307 0.072719
307 0.074409
307 0.077177
307 0.098496
307 0.100445
307 0.160156
307 0.102745
307 0.152996
307 0.110690
307 0.110738
307 0.151310
307 0.170962
307 0.170766
307 0.172779
307 0.145440
307 0.151280
307 0.137667
307 0.145289
307 0.195691
307 0.198645
307 0.193475
307 0.157778
307 0.158122
307 0.162235
307 0.151679
307 0.157811
307 0.091780
307 0.174131
307 0.175603
307 0.254328
307 0.111281
307 0.075111
307 0.266039
307 0.190000
307 0.199544
307 0.197177
307 0.198763
307 0.227233
307 0.214558
307 0.217435
307 0.320406
307 0.141655
307 0.102830
307 0.103133
307 0.340364
307 0.104115
307 0.093991
307 0.108024
307 0.092932
307 0.279827
307 0.338559
307 0.280037
307 0.277697
307 0.119218
307 0.132068
307 0.142588
307 0.146449
307 0.131529
307 0.090166
307 0.129811
307 0.254879
307 0.246857
307 0.158430
307 0.156969
307 0.156856
307 0.410729
307 0.175574
307 0.131849
307 0.316168
307 0.309885
307 0.113205
307 0.300555
307 0.110988
307 0.109823
307 0.370004
307 0.432986
307 0.101702
307 0.125592
307 0.099463
307 0.101936
307 0.101033
307 0.087710
307 0.085869
307 0.109411
307 0.088790
307 0.113204
307 0.440471
307 0.091732
307 0.073000
307 0.394198
307 0.088285
307 0.444251
307 0.071867
307 0.090226
307 0.078719
307 0.081128
307 0.368979
307 0.440433
307 0.384540
307 0.435364
307 0.442271
307 0.077257
307 0.316068
307 0.296482
307 0.450347
307 0.445896
307 0.293323
307 0.233180
307 0.391554
307 0.393103
307 0.219676
307 0.385466
307 0.207783
307 0.191908
307 0.190641
307 0.426633
307 0.082176
307 0.079727
307 0.428910
307 0.083135
307 0.087088
307 0.423732
307 0.421132
307 0.389305
307 0.384739
307 0.380503
307 0.072152
307 0.078036
307 0.079517
307 0.085145
307 0.087740
307 0.088205
307 0.089105
307 0.089652
307 0.090273
307 0.090714
307 0.093499
307 0.089662
307 0.090167
307 0.087945
307 0.091828
307 0.088038
307 0.096229
307 0.085258
307 0.077294
307 0.079820
307 0.087512
307 0.091564
307 0.094220
307 0.084140
307 0.086695
307 0.089363
307 0.084518
307 0.085007
307 0.091045
307 0.090405
307 0.092231
307 0.091055
307 0.092602
307 0.094225
307 0.094447
307 0.091928
307 0.091896
307 0.092144
307 0.097864
307 0.096818
307 0.097862
307 0.097264
307 0.098471
307 0.096621
307 0.097841
307 0.099897
307 0.084520
307 0.098478
307 0.099567
307 0.099355
307 0.086746
307 0.085143
