307 0.075362
307 0.078220
307 0.079758
307 0.083812
307 0.077720
307 0.079736
307 0.077453
307 0.080443
307 0.081599
307 0.084415
307 0.088641
307 0.083822
307 0.084503
307 0.084625
307 0.092720
307 0.091788
307 0.094016
307 0.082184
307 0.090761
307 0.085394
307 0.095318
307 0.096334
307 0.089167
307 0.100679
307 0.091927
307 0.093007
307 0.093117
307 0.095958
307 0.107362
307 0.099398
307 0.080475
307 0.072498
307 0.083482
307 0.080029
307 0.082963
307 0.076476
307 0.075665
307 0.085506
307 0.072957
307 0.086552
307 0.087817
307 0.076849
307 0.077817
307 0.077346
307 0.082768
307 0.076190
307 0.087465
307 0.084460
307 0.085363
307 0.079024
307 0.083494
307 0.091304
307 0.089389
307 0.088838
307 0.082402
307 0.089669
307 0.083390
307 0.088518
307 0.086113
307 0.092616
307 0.072310
307 0.074935
307 0.075134
307 0.073158
307 0.073070
307 0.074710
307 0.080475
307 0.074124
307 0.073408
307 0.076597
307 0.080098
307 0.078240
307 0.082199
307 0.082441
307 0.083412
307 0.074605
307 0.080620
307 0.077085
307 0.072477
307 0.075731
307 0.075759
307 0.075220
307 0.082371
307 0.078807
307 0.086435
307 0.080043
307 0.088075
307 0.079102
307 0.088721
307 0.086227
307 0.072485
307 0.074764
307 0.078242
307 0.075497
307 0.078079
307 0.083221
307 0.079085
307 0.086922
307 0.082518
307 0.088940
307 0.087591
307 0.089132
307 0.088555
307 0.092114
307 0.071902
307 0.086428
307 0.081460
307 0.088741
307 0.080455
307 0.075750
307 0.087118
307 0.077468
307 0.079512
307 0.084045
307 0.080763
307 0.083366
307 0.082789
307 0.087858
307 0.083312
307 0.094626
307 0.078139
307 0.076992
307 0.078416
307 0.078505
307 0.082793
307 0.083580
307 0.082441
307 0.088241
307 0.074699
307 0.084348
307 0.078716
307 0.076254
307 0.071058
307 0.077986
307 0.084309
307 0.073668
307 0.085207
307 0.081776
307 0.078409
307 0.078880
307 0.071858
307 0.082903
307 0.074049
307 0.077475
307 0.075389
307 0.079552
307 0.081847
307 0.082220
307 0.082707
307 0.082270
307 0.073461
307 0.074451
307 0.073433
307 0.074830
307 0.074172
307 0.072843
307 0.077907
307 0.078168
307 0.070072
307 0.069977
307 0.074417
307 0.076597
307 0.073895
307 0.071128
307 0.070386
307 0.072251
307 0.072876
307 0.075127
307 0.074933
307 0.070249
307 0.073406
307 0.072886
307 0.068528
307 0.076836
307 0.069478
307 0.067993
307 0.073381
307 0.075309
307 0.075169
307 0.075100
307 0.072186
307 0.078214
307 0.073623
307 0.074301
307 0.077113
307 0.077912
307 0.079208
307 0.080116
307 0.078169
307 0.073994
307 0.069956
307 0.073600
307 0.072144
307 0.069719
307 0.073216
307 0.076968
307 0.074640
307 0.081591
307 0.074361
307 0.077209
307 0.071463
307 0.073321
307 0.065783
307 0.069033
307 0.066044
307 0.067966
307 0.083000
307 0.069733
307 0.074806
307 0.069117
307 0.076665
307 0.072352
307 0.071713
307 0.071864
307 0.065816
307 0.066962
307 0.070561
307 0.073057
307 0.066888
307 0.068163
307 0.068405
307 0.072088
307 0.075429
307 0.078242
307 0.079775
307 0.082656
307 0.081453
307 0.077019
307 0.080346
307 0.080735
307 0.072488
307 0.080630
307 0.077672
307 0.077264
307 0.075779
307 0.076146
307 0.079949
307 0.081431
307 0.080015
307 0.074978
307 0.082105
307 0.079227
307 0.079167
307 0.090175
307 0.078549
307 0.072665
307 0.081198
307 0.077520
307 0.072541
307 0.072826
307 0.080700
307 0.081715
307 0.093364
307 0.079263
307 0.077714
307 0.088250
307 0.079527
307 0.084276
307 0.081930
307 0.074768
307 0.081979
307 0.083926
307 0.080311
307 0.081126
307 0.078199
307 0.065882
307 0.077567
307 0.078570
307 0.083226
307 0.084604
307 0.070307
307 0.079723
307 0.085065
307 0.080592
307 0.086033
307 0.090415
307 0.094988
307 0.089057
307 0.076554
307 0.075937
307 0.080060
307 0.071649
307 0.083759
307 0.073242
307 0.076052
307 0.072083
307 0.077776
307 0.078132
307 0.073938
307 0.066699
307 0.072296
307 0.071228
307 0.074051
307 0.078079
307 0.071357
307 0.074642
307 0.085070
307 0.084177
307 0.086507
307 0.085653
